850410	788856
404960	837126
904375	200197
275626	60814
684381	24481
946689	702854
990644	557062
190454	582417
403079	419256
606282	950162
595088	523682
944194	593023
605353	884767
495841	225250
832923	135100
267608	40365
758416	366195
871019	635163
984807	52125
820082	957800
227947	339312
518115	44317
64688	574716
860153	743355
861022	422794
651775	739992
783490	436731
309826	681559
408841	779448
193834	788152
602752	922457
564622	482309
470264	324384
291609	651243
20252	21304
892074	80720
144824	778444
412363	843875
142811	26813
816435	526622
388653	711433
405902	101145
843115	99454
154037	604378
993094	425822
404320	913606
619809	950489
885337	315879
666036	188393
672361	952623
491747	778243
21094	613197
899987	503597
997017	690905
484872	20837
112694	374916
123894	651698
247273	649084
261954	212985
985544	384964
27622	412910
461538	398982
478329	445847
143697	526341
993985	799780
332110	661806
401821	704516
50866	514920
526506	735888
320595	588522
135322	570701
18728	875022
837412	962375
629219	163170
918526	899638
246918	357133
86553	575854
176126	969385
802347	633928
357331	615926
799311	6150
120540	314720
376588	921226
630518	254220
138951	46389
111858	872914
54926	342246
886902	613164
65707	148763
673818	815645
299579	602715
7251	330366
747353	543615
553421	381921
158585	213793
720100	563024
932634	297352
942137	217618
178526	628285
366507	257416
